v1: (0, 0, 0) v2: (0, 0)
v1: (0, 2, 1) v2: (1, -1)
v1: (0, 4, 2) v2: (2, -2)
v1: (0, 6, 3) v2: (3, -3)
v1: (0, 8, 4) v2: (4, -4)
v1: (0, 10, 5) v2: (5, -5)
v1: (0, 12, 6) v2: (6, -6)
v1: (0, 14, 7) v2: (7, -7)
v1: (0, 16, 8) v2: (8, -8)
v1: (0, 18, 9) v2: (9, -9)
v1: (0, 20, 10) v2: (10, -10)
v1: (0, 22, 11) v2: (11, -11)
v1: (0, 24, 12) v2: (12, -12)
v1: (0, 26, 13) v2: (13, -13)
v1: (0, 28, 14) v2: (14, -14)
v1: (0, 30, 15) v2: (15, -15)
v1: (0, 32, 16) v2: (16, -16)
v1: (0, 34, 17) v2: (17, -17)
v1: (0, 36, 18) v2: (18, -18)
v1: (0, 38, 19) v2: (19, -19)
v1: (0, 40, 20) v2: (20, -20)
v1: (0, 42, 21) v2: (21, -21)
v1: (0, 44, 22) v2: (22, -22)
v1: (0, 46, 23) v2: (23, -23)
v1: (0, 48, 24) v2: (24, -24)
v1: (0, 50, 25) v2: (25, -25)
v1: (0, 52, 26) v2: (26, -26)
v1: (0, 54, 27) v2: (27, -27)
v1: (0, 56, 28) v2: (28, -28)
v1: (0, 58, 29) v2: (29, -29)
v1: (0, 60, 30) v2: (30, -30)
v1: (0, 62, 31) v2: (31, -31)
